1.0 949.0051
0.9795918 935.5774
0.9591837 920.5383
0.9387755 896.637
0.9183674 878.1067
0.8979591 856.3538
0.877551 830.5557
0.8571428 807.9636
0.8367347 784.3307
0.8163265 760.6979
0.7959184 734.6481
0.7755102 715.3122
0.7551021 688.7253
0.7346938 661.3327
0.7142857 639.5798
0.6938776 612.9425
0.6734694 593.0695
0.6530612 568.3624
0.632653 547.9522
0.6122449 517.337
0.5918367 485.379
0.5714285 487.5275
0.5510204 483.2306
0.5306122 480.0079
0.5102041 482.1564
0.4897959 479.2023
0.4693878 482.6935
0.4489796 482.962
0.4285714 483.2306
0.4081633 481.0822
0.3877551 480.8136
0.3673469 480.2765
0.3469388 481.8878
0.3265306 482.4249
0.3061224 480.545
0.2857143 479.2023
0.2653061 480.8136
0.244898 486.1847
0.2244898 478.9337
0.2040816 480.545
0.1836735 480.0079
0.1632653 56.12793
0.1428571 53.17383
0.122449 53.71094
0.1020408 53.17383
0.08163265 50.75684
0.06122449 59.35057
0.04081633 68.75
0.02040816 70.36133
0.0 10.74219