1.0 636.8942
0.9795918 625.8835
0.9591837 612.1368
0.9387755 597.3663
0.9183674 587.6983
0.8979591 572.3907
0.877551 560.5743
0.8571428 544.7296
0.8367347 529.1534
0.8163265 513.3087
0.7959184 496.3898
0.7755102 480.8136
0.7551021 466.3116
0.7346938 452.3468
0.7142857 437.0392
0.6938776 423.3429
0.6734694 412.2986
0.6530612 400.4654
0.632653 380.3238
0.6122449 366.0904
0.5918367 348.0972
0.5714285 350.7827
0.5510204 345.9488
0.5306122 349.7085
0.5102041 349.44
0.4897959 349.44
0.4693878 351.0513
0.4489796 349.1714
0.4285714 349.44
0.4081633 351.3198
0.3877551 349.7086
0.3673469 350.2456
0.3469388 349.9771
0.3265306 313.1851
0.3061224 348.0973
0.2857143 345.9488
0.2653061 346.2174
0.244898 295.1752
0.2244898 348.0972
0.2040816 346.7544
0.1836735 345.6802
0.1632653 55.32227
0.1428571 56.39648
0.122449 53.71094
0.1020408 54.78515
0.08163265 54.24804
0.06122449 56.93359
0.04081633 72.50977
0.02040816 69.01855
0.0 10.20508