1.0 397.2427
0.9795918 398.854
0.9591837 385.9634
0.9387755 380.5923
0.9183674 371.4615
0.8979591 360.9878
0.877551 358.0338
0.8571428 345.6803
0.8367347 340.0406
0.8163265 329.0298
0.7959184 322.316
0.7755102 315.3335
0.7551021 303.2486
0.7346938 286.0611
0.7142857 285.524
0.6938776 263.7711
0.6734694 264.5767
0.6530612 257.3257
0.632653 163.5666
0.6122449 237.4527
0.5918367 228.0533
0.5714285 230.2017
0.5510204 230.2017
0.5306122 228.5904
0.5102041 225.3677
0.4897959 229.6646
0.4693878 230.7388
0.4489796 227.7847
0.4285714 230.2017
0.4081633 226.442
0.3877551 229.6646
0.3673469 228.5904
0.3469388 228.8589
0.3265306 229.9332
0.3061224 225.3677
0.2857143 229.1275
0.2653061 235.0357
0.244898 229.3961
0.2244898 227.5162
0.2040816 229.1275
0.1836735 231.0074
0.1632653 56.66504
0.1428571 54.78516
0.122449 57.4707
0.1020408 55.32227
0.08163265 55.85938
0.06122449 60.96191
0.04081633 73.85254
0.02040816 70.09277
0.0 8.862305